dirtyCache=true
sortingAscending=true
sortingColumn=-1
table_col_0=0.023446659
table_col_1=0.66705745
table_col_2=0.11723329
table_col_3=0.21570925
